LARGE_TREE 1544.6180555555557 903.2327586206897 1200.0 1200.0 Rect 0 0 0.0 1320.0
PINK_FLOWERS_2 1257.7027027027027 2093.6666666666665 50.0 50.0 Rect 0 0 0.0 16.5
BLUE_FLOWERS_2 1829.9264705882354 2158.5 50.0 50.0 Rect 0 0 0.0 13.5
BLUE_FLOWERS_2 1129.0073529411766 2311.5 50.0 50.0 Rect 0 0 0.0 13.5
BLUE_FLOWERS_2 2447.1875 1839.0 50.0 50.0 Rect 0 0 0.0 13.5
BLUE_FLOWERS_2 2998.125 879.75 50.0 50.0 Rect 0 0 0.0 13.5
BLUE_FLOWERS_2 2670.2757352941176 208.5 50.0 50.0 Rect 0 0 0.0 13.5
BLUE_FLOWERS_2 995.6066176470588 39.75 50.0 50.0 Rect 0 0 0.0 13.5
BLUE_FLOWERS_2 472.55514705882354 286.5 50.0 50.0 Rect 0 0 0.0 13.5
BLUE_FLOWERS_2 64.0625 1841.25 50.0 50.0 Rect 0 0 0.0 13.5
PINK_FLOWERS 252.4816176470588 1840.5 50.0 50.0 Rect 0 0 0.0 17.5
PINK_FLOWERS 706.9485294117648 1992.75 50.0 50.0 Rect 0 0 0.0 17.5
PINK_FLOWERS 676.8014705882352 2253.75 50.0 50.0 Rect 0 0 0.0 17.5
PINK_FLOWERS 2169.080882352941 2267.25 50.0 50.0 Rect 0 0 0.0 17.5
PINK_FLOWERS 2692.1323529411766 2191.5 50.0 50.0 Rect 0 0 0.0 17.5
PINK_FLOWERS 2914.466911764706 1940.25 50.0 50.0 Rect 0 0 0.0 17.5
PINK_FLOWERS 3138.3088235294117 1191.75 50.0 50.0 Rect 0 0 0.0 17.5
PINK_FLOWERS 2537.6286764705883 59.25 50.0 50.0 Rect 0 0 0.0 17.5
PINK_FLOWERS 1340.0367647058824 -3.0 50.0 50.0 Rect 0 0 0.0 17.5
PINK_FLOWERS 397.94117647058823 438.75 50.0 50.0 Rect 0 0 0.0 17.5
PINK_FLOWERS 66.32352941176471 916.5 50.0 50.0 Rect 0 0 0.0 17.5
SMALL_LEAF_SHRUB 622.5367647058823 1880.25 50.0 50.0 Rect 0 0 0.0 16.0
SMALL_LEAF_SHRUB 367.0404411764706 1947.0 50.0 50.0 Rect 0 0 0.0 16.0
SMALL_LEAF_SHRUB 51.25 1491.75 50.0 50.0 Rect 0 0 0.0 16.0
SMALL_LEAF_SHRUB 86.67279411764706 662.25 50.0 50.0 Rect 0 0 0.0 16.0
SMALL_LEAF_SHRUB 192.1875 544.5 50.0 50.0 Rect 0 0 0.0 16.0
SMALL_LEAF_SHRUB 1575.1838235294117 42.0 50.0 50.0 Rect 0 0 0.0 16.0
SMALL_LEAF_SHRUB 1661.1029411764705 28.5 50.0 50.0 Rect 0 0 0.0 16.0
SMALL_LEAF_SHRUB 1777.922794117647 55.5 50.0 50.0 Rect 0 0 0.0 16.0
SMALL_LEAF_SHRUB 2079.393382352941 36.75 50.0 50.0 Rect 0 0 0.0 16.0
SMALL_LEAF_SHRUB 2549.6875 573.75 50.0 50.0 Rect 0 0 0.0 16.0
SMALL_LEAF_SHRUB 2865.4779411764707 631.5 50.0 50.0 Rect 0 0 0.0 16.0
SMALL_LEAF_SHRUB 2996.6176470588234 410.25 50.0 50.0 Rect 0 0 0.0 16.0
SMALL_LEAF_SHRUB 3197.8492647058824 819.0 50.0 50.0 Rect 0 0 0.0 16.0
SMALL_LEAF_SHRUB 3035.0551470588234 1092.75 50.0 50.0 Rect 0 0 0.0 16.0
SMALL_LEAF_SHRUB 3052.389705882353 1371.75 50.0 50.0 Rect 0 0 0.0 16.0
SMALL_LEAF_SHRUB 3183.529411764706 1483.5 50.0 50.0 Rect 0 0 0.0 16.0
SMALL_LEAF_SHRUB 3316.9301470588234 1629.75 50.0 50.0 Rect 0 0 0.0 16.0
SMALL_LEAF_SHRUB 2981.544117647059 1800.0 50.0 50.0 Rect 0 0 0.0 16.0
SMALL_LEAF_SHRUB 2542.904411764706 1938.75 50.0 50.0 Rect 0 0 0.0 16.0
SMALL_LEAF_SHRUB 2351.470588235294 2127.0 50.0 50.0 Rect 0 0 0.0 16.0
SMALL_LEAF_SHRUB 1854.797794117647 2330.25 50.0 50.0 Rect 0 0 0.0 16.0
SMALL_LEAF_SHRUB 2086.176470588235 2300.25 50.0 50.0 Rect 0 0 0.0 16.0
SMALL_LEAF_SHRUB 2019.8529411764705 2187.75 50.0 50.0 Rect 0 0 0.0 16.0
SMALL_LEAF_SHRUB 1073.235294117647 2088.75 50.0 50.0 Rect 0 0 0.0 16.0
SMALL_LEAF_SHRUB 870.4963235294117 2202.0 50.0 50.0 Rect 0 0 0.0 16.0
SMALL_LEAF_SHRUB 612.7389705882352 2153.25 50.0 50.0 Rect 0 0 0.0 16.0
TALL_GRASS 1634.7242647058824 2151.75 50.0 50.0 Rect 0 0 0.0 18.5
TALL_GRASS 1393.547794117647 2102.25 50.0 50.0 Rect 0 0 0.0 18.5
TALL_GRASS 1750.7904411764705 1186.5 50.0 50.0 Rect 0 0 0.0 18.5
TALL_GRASS 1772.6470588235295 1230.75 50.0 50.0 Rect 0 0 0.0 18.5
TALL_GRASS 1789.2279411764705 1203.75 50.0 50.0 Rect 0 0 0.0 18.5
TALL_GRASS 1802.0404411764705 1239.0 50.0 50.0 Rect 0 0 0.0 18.5
TALL_GRASS 1766.6176470588234 1269.0 50.0 50.0 Rect 0 0 0.0 18.5
TALL_GRASS 1801.2867647058824 1266.75 50.0 50.0 Rect 0 0 0.0 18.5
TALL_GRASS 1729.6875 1197.0 50.0 50.0 Rect 0 0 0.0 18.5
TALL_GRASS 1782.4448529411766 1170.75 50.0 50.0 Rect 0 0 0.0 18.5
TALL_GRASS 1782.4448529411766 1292.25 50.0 50.0 Rect 0 0 0.0 18.5
TALL_GRASS 1827.6654411764705 1284.0 50.0 50.0 Rect 0 0 0.0 18.5
PINK_FLOWERS 1825.4044117647059 1214.25 50.0 50.0 Rect 0 0 0.0 17.5
PINK_FLOWERS 1252.610294117647 1284.0 50.0 50.0 Rect 0 0 0.0 17.5
ROCK 332.37132352941177 1191.0 50.0 50.0 Rect 0 0 0.0 8.0
ROCK 278.8602941176471 1701.75 50.0 50.0 Rect 0 0 0.0 8.0
ROCK 2240.6801470588234 2006.25 50.0 50.0 Rect 0 0 0.0 8.0
ROCK 1428.9705882352941 2403.0 50.0 50.0 Rect 0 0 0.0 8.0
ROCK 1700.2941176470588 2202.0 50.0 50.0 Rect 0 0 0.0 8.0
ROCK 1657.3345588235295 1686.75 50.0 50.0 Rect 0 0 0.0 8.0
ROCK 2864.7242647058824 1743.75 50.0 50.0 Rect 0 0 0.0 8.0
ROCK 1973.125 518.25 50.0 50.0 Rect 0 0 0.0 8.0
ROCK 860.6985294117648 495.0 50.0 50.0 Rect 0 0 0.0 8.0
MUSHROOMS 610.4779411764706 1520.25 50.0 50.0 Rect 0 0 0.0 17.0
MUSHROOMS 1678.4375 1710.75 50.0 50.0 Rect 0 0 0.0 17.0
MUSHROOMS 2509.7426470588234 2176.5 50.0 50.0 Rect 0 0 0.0 17.0
MUSHROOMS 1709.3382352941176 1143.0 50.0 50.0 Rect 0 0 0.0 17.0
LOG 2569.283088235294 1404.75 100.0 50.0 Rect 0 0 0.0 22.5
LOG 997.1139705882352 1689.0 150.0 75.0 Rect 0 0 0.0 33.75
BLUE_FLOWERS 853.4967320261438 520.4878048780488 50.0 50.0 Rect 0 0 0.0 14.5
BLUE_FLOWERS 899.0522875816994 480.2439024390244 50.0 50.0 Rect 0 0 0.0 14.5
BLUE_FLOWERS 1100.702614379085 487.6219512195122 50.0 50.0 Rect 0 0 0.0 14.5
BLUE_FLOWERS 1135.5392156862745 1183.1707317073171 50.0 50.0 Rect 0 0 0.0 14.5
BLUE_FLOWERS 1333.8398692810458 1120.121951219512 50.0 50.0 Rect 0 0 0.0 14.5
BLUE_FLOWERS 1134.8692810457517 1456.158536585366 50.0 50.0 Rect 0 0 0.0 14.5
BLUE_FLOWERS 1040.4084967320262 1715.7317073170732 50.0 50.0 Rect 0 0 0.0 14.5
BLUE_FLOWERS 215.04901960784315 1063.780487804878 50.0 50.0 Rect 0 0 0.0 14.5
PINK_FLOWERS_2 953.3169934640523 1751.9512195121952 50.0 50.0 Rect 0 0 0.0 16.5
PINK_FLOWERS_2 2841.8627450980393 1183.841463414634 50.0 50.0 Rect 0 0 0.0 16.5
PINK_FLOWERS_2 2533.0228758169933 1723.780487804878 50.0 50.0 Rect 0 0 0.0 16.5
PINK_FLOWERS_2 1665.4575163398692 2222.8048780487807 50.0 50.0 Rect 0 0 0.0 16.5
