ZH-WARDROBE 362.8735632183908 324.10714285714283 150.0 150.0 Rect 0 0 150.0 150.0
ZH-NIGHT_WINDOW_LARGE 717.5 160.97560975609755 200.0 150.0 Rect 0 0 200.0 150.0
ZH-WARDROBE 1069.2156862745098 327.9878048780488 150.0 150.0 Rect 0 0 150.0 150.0
ZH-TOMATO_BASKET 1019.9754901960785 274.6646341463415 50.0 50.0 Rect 0 0 50.0 50.0
ZH-WATER_GLASS 1111.421568627451 280.7012195121951 50.0 50.0 Rect 0 0 50.0 50.0
ZH-BREAD_BASKET 362.76960784313724 272.6524390243902 50.0 50.0 Rect 0 0 50.0 50.0
ZH-CANDLE_POST 899.3872549019608 452.7439024390244 100.0 200.0 Rect 0 0 100.0 200.0
ZH-CANDLE_POST 536.6176470588235 453.75 100.0 200.0 Rect 0 0 100.0 200.0
ZF-GILGAMESH 670.2696078431372 675.0914634146342 130.0 130.0 Rect 0 0 150.0 150.0
ZF-GILGAMESH 831.0539215686274 694.2073170731708 130.0 130.0 Rect 0 0 150.0 150.0
ZF-GILGAMESH 487.37745098039215 740.4878048780488 130.0 130.0 Rect 0 0 150.0 150.0
ZF-GILGAMESH 649.1666666666666 834.0548780487804 130.0 130.0 Rect 0 0 150.0 150.0
ZF-GILGAMESH 1013.9460784313726 637.8658536585366 130.0 130.0 Rect 0 0 150.0 150.0
ZF-GILGAMESH 891.3480392156863 832.0426829268292 130.0 130.0 Rect 0 0 150.0 150.0
ZI_ZMELODY_BOOK 731.5686274509804 427.5914634146341 180.0 180.0 Rect 0 0 200.0 200.0
ZH-HORIZONTAL_TABLE 720.5147058823529 512.1036585365854 180.0 100.0 Rect 0 0 200.0 150.0
