68001 68001 68003 68001 68006 68003 68002 68001 68007 68004 68001 68005 68007 68002 68003 68006 68005 68002 68004 68006 68002 68002 68003 68002 68000 68007 68007 68008 68007 68007 68001 68007 68005 68006 68004 68005 87 68004 68007 68005 68002 68001 68000 68007 68004 68006 68005 68005 68001 68000 
68005 68001 68004 68004 68004 68000 68002 68008 68006 68008 68000 68004 68005 68002 68001 68002 68007 68005 68007 68004 68000 68001 68003 68003 68004 68000 68008 68003 68008 68002 68007 68005 68000 68007 68005 68003 87 68008 68008 68003 68005 68000 68006 68004 68003 68000 68005 68002 68002 68006 
68007 68003 68008 68004 68005 68002 68000 68004 68005 68000 68007 68003 68007 68006 68005 68005 68006 68000 68007 68008 68004 68004 68000 68008 68001 68007 68004 68005 68005 68006 68005 68003 68001 68007 68006 68001 87 68001 68004 68007 68006 68001 68002 68001 68000 68003 68008 68003 68004 68002 
68003 68003 68007 68006 68000 68008 68004 68006 68000 68008 68004 68001 68003 68003 68005 68000 68008 68007 68007 68005 68006 68004 68003 68007 68000 68008 68003 68008 68003 68008 68004 68008 68007 68006 68004 68002 87 68008 68003 68006 68005 68005 68004 68006 68001 68004 68008 68002 68003 68004 
68005 68004 68003 68005 68004 68004 68002 68004 68006 68001 68007 68000 68001 68002 68008 68002 68003 68008 68008 68007 68006 68000 68006 68004 68007 68008 68006 68005 68006 68003 68003 68000 68001 68001 68006 68003 87 68008 68001 68000 68004 68004 68000 68006 68006 68005 68000 68007 68004 68007 
68006 68002 68002 68008 68008 68001 68003 68008 68005 68002 68004 68006 68005 68003 68005 68008 68007 68007 68006 68006 68002 68001 68000 68005 68004 68003 68001 68002 68004 68001 68005 68001 68007 68000 68003 68006 87 68000 68004 68003 68000 68007 68006 68006 68006 68007 68003 68002 68006 68002 
68002 68005 68006 68000 68006 68001 68002 68000 68008 68002 68006 68005 68006 68001 68004 68002 68000 68006 68005 68003 68003 68007 68006 68006 68000 68004 68007 68005 68004 68008 68003 68000 68005 68003 68004 68005 87 68001 68001 68004 68008 68007 68005 68002 68007 68002 68004 68001 68001 68004 
68002 68005 68000 68001 68001 68005 68000 68004 68002 68007 68000 68008 68004 68003 68004 68005 68000 68000 68007 68000 68008 68008 68003 68000 68002 68003 68007 68004 68001 68007 68002 68005 68008 68005 68005 68007 87 68007 68006 68006 68006 68008 68007 68007 68002 68005 68000 68003 68003 68002 
68003 68005 68008 68002 68007 68004 68002 68004 68006 68007 68003 68008 68003 68003 68007 68004 68008 68007 68002 68006 68005 68006 68003 68002 68006 68003 68002 68003 68001 68004 68008 68001 68006 68008 68008 68003 87 68002 68008 68002 68002 68005 68008 68005 68005 68003 68001 68004 68000 68008 
68000 68005 68001 68008 68004 68008 68008 68002 68003 68004 68006 68005 68005 68005 68006 68007 68005 68001 68004 68006 68005 68002 68004 68001 68004 68007 68008 68001 68006 68008 68003 68005 68001 68002 68004 68000 87 68001 68001 68001 68004 68003 68007 68003 68004 68001 68005 68004 68003 68005 
93 93 93 93 93 93 93 93 93 93 93 93 93 93 93 93 93 97 68007 68007 68001 68000 68002 68003 68001 68001 68005 68005 68001 68007 68006 68003 68001 68005 68004 68001 87 68002 68004 68002 68007 68002 68002 68003 68006 68007 68000 68006 68007 68007 
99 99 99 99 99 99 99 99 99 99 99 99 99 99 99 99 99 94 68000 68003 68001 68007 68006 68004 68006 68004 68003 68001 68004 68007 68008 68006 68003 68004 68006 68007 87 68000 68001 68004 68003 68004 68001 68000 68005 68006 68007 68004 68006 68000 
98 98 98 98 98 98 98 98 98 98 98 98 98 98 98 113 99 94 68005 68005 68006 68005 68008 68000 68007 68005 68005 68003 68007 68003 68002 68004 68000 68002 68001 68004 87 68004 68003 68002 68001 68003 68006 68007 68000 68003 68006 68004 68004 68003 
68004 68002 68003 68002 68001 68003 68001 68002 68008 68002 68006 68006 68004 68006 68002 95 99 94 68005 68006 68002 68002 68002 68001 68000 68006 68004 68006 68004 68007 68006 68007 68006 68000 68001 68004 87 68005 68003 68008 68005 68006 68002 68005 68005 68003 68005 68003 68000 68005 
68005 68008 68003 68000 68001 68007 68002 68003 68004 68005 68000 68003 68007 68001 68004 95 99 94 68007 68000 68004 68006 68004 68001 68005 68007 68001 68005 68001 68006 68002 68004 68001 68000 68001 68001 87 68001 68004 68000 68002 68004 68002 68003 68004 68003 68000 68000 68001 68005 
68001 68006 68008 68002 68002 68005 68002 68005 68006 68006 68000 68007 68008 68004 68005 95 99 94 68005 68007 68004 68007 68003 68005 68002 68007 68001 68001 68005 68000 68003 68000 68004 68005 68007 68001 87 68001 68002 68001 68002 68005 68005 68007 68001 68007 68008 68001 68008 68002 
68008 68008 68003 68008 68000 68008 68001 68001 68006 68001 68007 68003 68001 68003 68001 95 99 94 68005 68001 68002 68007 68007 68001 68001 68002 68008 68000 68007 68002 68000 68005 68002 68005 68003 68005 87 68008 68004 68006 68005 68005 68004 68003 68008 68006 68003 68002 68006 68007 
68005 68004 68005 68005 68006 68003 68002 68007 68002 68007 68003 68005 68001 68001 68007 95 99 94 68001 68000 68003 68006 68005 68007 68003 68005 68003 68000 68000 68005 68000 68008 68000 68000 68000 68005 87 68006 68008 68001 68003 68007 68008 68007 68007 68003 68003 68004 68008 68004 
68008 68002 68004 68006 68006 68001 68002 68008 68000 68002 68002 68005 68006 68002 68001 95 99 94 68006 68007 68007 68003 68008 68008 68001 68002 68001 68008 68000 68006 68006 68001 68000 68005 68006 68005 87 68008 68008 68001 68003 68007 68004 68007 68003 68004 68003 68004 68000 68006 
68006 68004 68008 68004 68005 68007 68001 68007 68005 68002 68003 68003 68002 68005 68004 95 99 94 68005 68006 68000 68007 68006 68005 68006 68001 68001 68001 68001 68000 68005 68006 68004 68001 68004 68003 87 68001 68005 68008 68003 68000 68007 68000 68001 68003 68006 68000 68003 68001 
68008 68003 68004 68006 68004 68005 68002 68004 68003 68006 68007 68002 68002 68001 68004 95 99 94 68004 68003 68007 68008 68000 68002 68001 68007 68001 68004 68007 68001 68008 68000 68003 68004 68008 68002 87 68002 68007 68007 68008 68001 68002 68002 68008 68001 68008 68007 68001 68006 
68008 68001 68003 68003 68008 68007 68005 68003 68005 68007 68001 68006 68004 68002 68002 95 99 94 68001 68005 68003 68002 68003 68002 68002 68000 68001 68003 68003 68008 68004 68000 68007 68002 68000 68006 87 68002 68001 68007 68001 68008 68006 68007 68004 68007 68006 68008 68006 68006 
68002 68007 68003 68002 68004 68000 68002 68005 68000 68001 68006 68003 68006 68000 68000 95 99 94 68000 68000 68008 68005 68007 68004 68007 68006 68006 68003 68000 68001 68006 68007 68007 68006 68002 68002 87 68003 68001 68002 68002 68005 68008 68005 68007 68007 68004 68003 68001 68000 
68007 68004 68008 68002 68005 68008 68007 68007 68003 68004 68003 68007 68008 68008 68007 95 99 94 68006 68004 68005 68006 68005 68003 68005 68003 68003 68001 68006 68001 68000 68002 68003 68004 68005 68002 87 68000 68005 68004 68002 68001 68005 68001 68005 68005 68000 68000 68007 68003 
68007 68001 68002 68000 68007 68002 68003 68001 68005 68005 68002 68007 68001 68007 68008 95 99 94 68007 68000 68007 68002 68001 87 89 89 89 89 89 89 89 89 89 89 89 89 90 68005 68004 68006 68004 68004 68005 68005 68000 68008 68001 68008 68004 68005 
68007 68000 68000 68002 68002 68003 68007 68007 68008 68004 68003 68003 68005 68001 68007 95 99 94 68000 68001 68007 68001 68001 87 84 84 84 84 84 84 84 84 84 84 84 84 86 68001 68001 68008 68000 68001 68003 68004 68008 68006 68006 68003 68000 68005 
68001 68003 68003 68006 68004 68005 68007 68005 68005 68001 68004 68003 68006 68004 68005 95 99 94 68007 68000 68001 68008 68003 87 84 84 84 84 84 84 84 84 84 84 84 84 86 68001 68007 68003 68006 68003 68004 68003 68004 68005 68002 68007 68001 68004 
68005 68003 68001 68001 68001 87 68008 68005 83 68005 68002 68002 68005 68000 68005 95 99 94 68000 68001 68001 68003 68008 87 84 84 84 84 84 84 84 84 84 84 84 84 86 68008 68005 68005 68003 68008 68003 68000 68000 68001 68005 68000 68007 68005 
68000 68008 68008 68006 68005 87 68000 68006 83 68008 68008 68007 68003 68001 68000 95 99 94 68004 68005 68008 68006 68005 87 84 84 84 84 84 84 84 84 84 84 84 84 86 68006 68000 68005 68001 68003 68005 68008 68008 68001 68001 68004 68005 68002 
68002 68001 68000 68007 68001 87 68004 68002 83 68001 68003 68007 68003 68006 68008 95 99 94 68000 68002 68005 68000 68008 87 84 84 84 84 84 84 84 84 84 84 84 84 86 68006 68008 68004 68002 68001 68002 68000 68004 68005 68004 68008 68004 68002 
68003 68005 68007 68003 68004 87 68001 68001 83 68008 68001 68004 68007 68007 68005 95 99 94 68005 68002 68002 68004 68000 87 78 78 78 78 78 78 78 78 78 78 78 78 79 68005 68007 68005 68005 68004 68004 68000 68005 68000 68008 68006 68004 68002 
68002 68006 68006 68005 68001 87 68004 68006 83 68006 68007 68007 68006 68004 68001 95 99 94 68006 68000 68008 68003 68003 87 75 71001 71000 71000 71001 71000 71001 71001 71002 71001 71002 71000 71002 71000 71002 71002 71001 71000 71001 71000 71002 71001 71002 71001 71001 71002 
89 89 89 89 89 90 68001 68000 88 89 89 89 89 89 89 104 99 105 89 89 89 89 89 90 70002 67000 67000 67001 67000 67002 67005 67005 67003 67000 67004 67004 67002 67004 67003 67005 67003 67000 67003 67002 67003 67001 67003 67005 67001 67003 
84 84 84 84 84 86 68003 68002 85 84 84 84 84 84 84 102 99 103 84 84 84 84 84 86 70000 67004 108 69000 69000 69001 69002 69001 69000 69002 69002 69000 69002 69000 69002 69000 69002 69000 69000 69002 69000 69002 69001 69001 69000 69001 
84 84 84 84 84 86 68007 68000 85 84 84 84 84 84 84 102 99 103 84 84 84 84 84 86 70000 67003 72001 68002 68000 68004 68002 68003 68004 68005 68004 68000 68000 68003 68002 68008 68000 68001 68006 68004 68000 68006 68001 68002 68005 68003 
84 84 84 84 84 86 68007 68005 85 84 84 84 84 84 84 102 99 103 84 84 84 84 84 86 70001 67005 72001 68002 68007 68005 68003 68001 68001 68005 68004 68002 68004 68002 68007 68008 68002 68003 68000 68004 68003 68003 68002 68001 68006 68003 
84 84 84 84 84 86 68004 68007 85 84 84 84 84 84 84 102 99 103 84 84 84 84 84 86 70001 67000 72001 68005 68008 68006 68008 68004 68001 68005 68008 68006 68002 68004 68008 68001 68006 68006 68002 68000 68004 68002 68003 68008 68001 68006 
84 84 84 84 84 86 68003 68000 85 84 84 84 84 84 84 102 99 103 84 84 84 84 84 86 70000 67000 72000 68003 68008 68001 68006 68004 68005 68006 68008 68007 68003 68002 68002 68008 68006 68001 68005 68008 68003 68004 68001 68002 68005 68007 
78 78 78 78 78 79 68001 68008 77 78 78 78 78 78 78 100 99 101 78 78 78 78 78 79 70002 67005 72002 68002 68008 68000 68001 68003 68003 68008 68006 68003 68003 68006 68003 68007 68000 68002 68003 68006 68004 68003 68004 68007 68007 68007 
71000 71000 71001 71002 71002 71001 71001 71002 71002 71001 71001 71000 71000 71002 71001 95 99 94 71001 71001 71001 71000 71002 71001 107 67002 72001 68008 68000 68000 68004 68007 68001 68008 68008 68006 68000 68008 68001 68003 68003 68007 68004 68006 68004 68002 68008 68008 68006 68008 
67000 67004 67005 67005 67000 67004 67005 67003 67002 67000 67000 67003 67001 67005 67003 95 99 94 67001 67002 67000 67005 67002 67000 67005 67003 72000 68006 68003 68004 68000 68001 68003 68006 68002 68003 68003 68008 68006 68008 68005 68007 68004 68008 68003 68007 68002 68005 68005 68000 
69002 69002 69001 69001 69000 69000 69002 69000 69002 69002 69002 69002 69002 69002 69002 95 99 94 69001 69000 69002 69000 69001 69002 69001 69002 74 68005 68007 68006 68008 68001 68002 68008 68007 68003 68007 68004 68006 68004 68000 68004 68007 68003 68008 68003 68006 68008 68006 68001 
68002 68002 68000 68002 68004 68007 68006 68001 68007 68007 68001 68004 68005 68001 68000 95 99 94 68008 68001 68008 68008 68006 68004 68008 68002 68005 68006 68007 68000 68007 68005 68006 68003 68000 68001 68003 68004 68006 68000 68007 68006 68004 68006 68002 68002 68006 68006 68007 68008 
68000 68001 68005 68002 68006 68004 68008 68004 68004 68002 68007 68005 68001 68002 68008 95 99 94 68007 68004 68000 68006 68000 68008 68005 68004 68004 68001 68008 68004 68000 68002 68004 68007 68002 68008 68007 68003 68008 68003 68000 68007 68002 68007 68000 68007 68000 68001 68006 68005 
68000 68002 68005 68005 68008 68003 68004 68000 68005 68008 68008 68000 68005 68003 68000 95 99 94 68004 68000 68002 68005 68002 68003 68008 68000 68000 68007 68002 68000 68004 68002 68006 68005 68008 68000 68003 68002 68003 68007 68004 68001 68008 68007 68004 68007 68000 68006 68000 68005 
68008 68003 68003 68007 68000 68003 68003 68003 68007 68003 68004 68008 68005 68006 68005 95 99 94 68001 68000 68001 68006 68008 68003 68007 68002 68002 68002 68000 68006 68006 68002 68000 68000 68004 68000 68003 68002 68005 68007 68007 68007 68004 68003 68000 68005 68004 68001 68002 68006 
68001 68001 68001 68003 68008 68005 68001 68006 68002 68008 68006 68003 68000 68008 68008 95 99 94 68002 68004 68000 68003 68002 68003 68007 68005 68000 68007 68004 68008 68003 68002 68006 68001 68006 68003 68000 68003 68001 68007 68003 68004 68002 68000 68002 68007 68008 68004 68000 68004 
68005 68000 68006 68007 68008 68007 68007 68006 68001 68003 68003 68002 68003 68002 68006 95 99 94 68004 68002 68007 68008 68007 68003 68002 68007 68005 68001 68005 68001 68005 68006 68001 68007 68006 68000 68008 68004 68006 68007 68002 68005 68005 68001 68006 68002 68004 68006 68008 68007 
68003 68006 68007 68002 68008 68005 68004 68001 68000 68003 68005 68006 68006 68000 68000 95 99 94 68001 68005 68004 68006 68004 68005 68005 68001 68004 68003 68004 68005 68005 68007 68003 68007 68001 68007 68001 68008 68000 68007 68007 68000 68001 68004 68001 68006 68000 68001 68001 68006 
68007 68000 68005 68001 68001 68002 68001 68006 68004 68008 68000 68002 68005 68003 68003 95 99 94 68002 68000 68007 68005 68008 68008 68000 68000 68002 68003 68008 68008 68008 68003 68006 68001 68001 68001 68006 68005 68006 68003 68008 68002 68005 68007 68007 68001 68002 68002 68007 68008 
